"A" "R" "N" "D" "C" "Q" "E" "G" "H" "I" "L" "K" "M" "F" "P" "S" "T" "W" "Y" "V"
"A" 0.13124819917735 0.0605671123920234 0.0898808441893651 0.0924247531690865 0.0535400718832633 0.0788190816854504 0.0931722741485991 0.11644095617443 0.0632906098811311 0.0779671794229531 0.0584610341650259 0.066364942718531 0.0669737697007958 0.0407572670761446 0.112323225685133 0.11126981806152 0.112978896361433 0.0229353453505042 0.0381785400730647 0.0909345752534071
"R" 0.0278321198844375 0.166704774520523 0.0397930190826853 0.0299364177493074 0.0177388254479967 0.0541764104589964 0.031656858712488 0.0205648152877121 0.0587096241566717 0.0272464337470453 0.0219412878189135 0.0882945876819004 0.038473220140905 0.0172876435523087 0.0381982747946704 0.0369655011003327 0.0329971904260936 0.0660609119756399 0.0147107720071166 0.0234255715646966
"N" 0.0424658395265088 0.0398080407303131 0.0636648997137466 0.0644031425484132 0.017714907314193 0.047597627885818 0.0557893829881472 0.0445728632438816 0.0570221644389774 0.0267911295863082 0.0201613936901554 0.0500736561715786 0.02662999971276 0.0194621386639217 0.0371307104525807 0.047642155987353 0.0444884711557413 0.0161810090847355 0.0253366132137151 0.0273275549348015
"D" 0.0516286055959723 0.0344648029864556 0.0753903374714712 0.113055472331691 0.0149748172462231 0.0676292470540503 0.102060534479904 0.0551132427475974 0.0543480187915653 0.0279375814013662 0.0195653966037892 0.046846495447322 0.0255418675212687 0.0140339441446831 0.0403787744460431 0.0514376295441504 0.046121943808455 0.0103198816473197 0.0173191209378148 0.0298570627662743
"C" 0.0198345579735278 0.0160131152063328 0.0140902660696824 0.00991266605864457 0.516565603572616 0.0099363639010439 0.0096653157611325 0.0119576750776227 0.0155975723553686 0.0182406035503718 0.00836315150505059 0.00993563233866833 0.0101483791101457 0.0120307191410604 0.0199001991760056 0.0314534227955566 0.0214269472672099 0.00570936689752514 0.0343024222409438 0.0229042396244443
"Q" 0.0338524365743481 0.049963660266636 0.0450414936680355 0.0547886807631431 0.0109769559173673 0.0954263442336288 0.0664150824525052 0.028045008507089 0.074161219507084 0.0239954958003442 0.0259152864723177 0.044795186987834 0.0298717781956902 0.013974320309827 0.0402618481489875 0.0334206297483875 0.0314433075512996 0.0127562446589196 0.0145703888953805 0.0241061777382128
"E" 0.0548422716587575 0.0386604619144335 0.0692725351226079 0.108745681984237 0.0151539684603908 0.0877481416962817 0.119867559693392 0.0527846253260581 0.0575637021148952 0.0323613828043838 0.0252210735647258 0.04860294283237 0.0306533789231886 0.0155404022490555 0.046388910708871 0.0508374360360883 0.0464730755584855 0.0103191399488668 0.0183241917397246 0.0341794731401095
"G" 0.119772356298343 0.0503418100000235 0.0966408331496549 0.102218578214185 0.0414242492326167 0.0691785759014309 0.09334668856164 0.266049090031765 0.0552033578205663 0.0511792516981511 0.0381523298646792 0.05947277075406 0.0463345662302777 0.0290512616294791 0.0807473767692106 0.114771490705814 0.089771075556878 0.0181654291430028 0.0256672047359573 0.0671785877473038
"H" 0.0243792330998674 0.0479624679111694 0.0484897507677808 0.0390338263711438 0.0153972974643696 0.0650631412054416 0.0381367282393869 0.0192934713493097 0.151554794328585 0.0177432599816099 0.0183624945643041 0.0334680020534625 0.0192711164809959 0.0236834060896264 0.0313075224622277 0.0275188273447626 0.0248974767325015 0.0188802657481357 0.0325248234459209 0.0180082201699432
"I" 0.0311366794007398 0.0227473654613755 0.0240132663049316 0.0208287975103716 0.0229890304960846 0.0226127867346584 0.022057007691588 0.0196906019504265 0.0202190844784526 0.100890799684382 0.0615179363693242 0.0245031356155786 0.059129783951298 0.0436207443313023 0.0213503819755437 0.0258619179064405 0.0364417420407814 0.0107662147613446 0.0271906380661169 0.0840789286230053
"L" 0.0537913051552285 0.0423690175326374 0.0451769401632201 0.0343239526360706 0.0215494220864848 0.0570055119517137 0.0390855965627768 0.0351307521881644 0.0540287900426986 0.149389740811029 0.335257994767252 0.0483892618914836 0.200949697647283 0.124193349038371 0.0472520480668012 0.0442920490981356 0.0588337202180193 0.0553718778672263 0.0657956214799399 0.13111320488346
"K" 0.0615240564311806 0.172869688476607 0.0993884750656624 0.0820308485544371 0.0234675201732744 0.0939615016809787 0.0797241137066399 0.053539334610311 0.078374445736113 0.0528409423193553 0.0406223408822472 0.228901662564251 0.0883294509960134 0.0251827896927325 0.063083280306459 0.077199730960628 0.0794691910475567 0.0357068254593753 0.0275436848857987 0.0468081869316582
"M" 0.0112645370348013 0.013346762017474 0.010165869889727 0.00800084772881524 0.00459815689313627 0.0121091029365595 0.00869712516557019 0.00723549737354086 0.00920646823925646 0.0249386181757518 0.0354750749683356 0.017481177458378 0.0654510792255021 0.01422726696391 0.00879508203274959 0.0104616001607127 0.0136079255108599 0.00553476349016137 0.00776419785536404 0.0229642111629921
"F" 0.0197606615093173 0.0163783093094622 0.0204203927736368 0.0126191871774619 0.0159317112789467 0.0147541738829242 0.0129874577517024 0.0165615107426141 0.0279764284229013 0.049618134715772 0.0584241450356082 0.0130608312884138 0.0421421019723782 0.309156739305126 0.0127320612733068 0.0209610751522206 0.0217351764629988 0.0430127793546396 0.199647105487572 0.0294396753226778
"P" 0.0663398045570003 0.0487440576205897 0.0462027088933397 0.0428416118886004 0.0269276311994315 0.0551033018078815 0.0468674904800015 0.0468157879285304 0.0493966231632335 0.0335050038823434 0.0311707557480667 0.0407822595571252 0.0330962568499404 0.0213209589784746 0.189024331971271 0.062708404359838 0.05469107083886 0.0142002156661442 0.0169802409949896 0.0382541402675685
"S" 0.0899128164601368 0.0656860211411269 0.0817208234468923 0.0752630740139942 0.0681306870315552 0.0628123708606459 0.0707040160907004 0.0892953780458861 0.0573313537660154 0.0508170043213096 0.0368800511666788 0.0677237433939238 0.0484839726181931 0.033680590378909 0.0871643119595211 0.0999614091411351 0.0938200488504789 0.0385795356446904 0.0344992658184063 0.0558785121721977
"T" 0.0771785794290858 0.0490052527264294 0.0645515838020684 0.056974143692874 0.0353436171450665 0.0491104081885534 0.0539906598067645 0.0592973046871011 0.0426532373974532 0.0591389737918119 0.0399335787815604 0.0587038177908461 0.0509627240430825 0.0292286392845841 0.0640895282580892 0.0794850095987572 0.103301959056667 0.0180655495550799 0.029131362695013 0.0620441155017551
"W" 0.00271925130164922 0.0164049077562342 0.00310625594642646 0.00190628672509896 0.00203156321284248 0.00282618633845873 0.00188348726590418 0.00209878041558161 0.00341574335587851 0.00237011234752466 0.00197471212805662 0.00432345279105042 0.00243746338317246 0.013258470094614 0.00269348135335519 0.00658301074339991 0.00318440188524987 0.55048206256984 0.014130047617123 0.00171339338320614
"Y" 0.015218143062893 0.0105775107643139 0.0201237363337921 0.0123261076896445 0.0344530818880056 0.0126349284672402 0.0130091409777137 0.0102741128147774 0.0314464495750912 0.0244713931775722 0.0253815360394845 0.00920610046920654 0.0177582338046887 0.151134848105582 0.00981986961405429 0.0165214135894988 0.0164555547355413 0.0313684819842603 0.320360873560169 0.0178484981864799
"V" 0.0652985458688606 0.0373848612658448 0.042865968145274 0.0383659231927832 0.0410908820561287 0.0414947931282502 0.0408834794634491 0.0452391914976084 0.0385003124280631 0.148556958780614 0.0972184258644284 0.0390703401940226 0.0973611594924254 0.0491745009702934 0.0473587805451262 0.0506474679652709 0.0678608249348929 0.0155840991925959 0.036022884249863 0.171935670625805
