"A" "R" "N" "D" "C" "Q" "E" "G" "H" "I" "L" "K" "M" "F" "P" "S" "T" "W" "Y" "V"
"A" 0.713440899578259 0.00611273037432207 0.0220804093481628 0.0233602457392498 0.00777547854676859 0.0183893905881347 0.0349833364917042 0.0446875322784035 0.00619315742820532 0.0155011760634482 0.00967440515424521 0.00660420942805718 0.0139839701263064 0.00509326210558369 0.0463398652202144 0.0679077639492939 0.064191078721213 0.000676283457653106 0.00501772245392054 0.0371398417192305
"R" 0.00294557342360677 0.801508231219279 0.0042554663695704 0.000902309944123431 0.00250710837265772 0.0212525534635637 0.00138788199008796 0.000548715899783532 0.0217668745015587 0.00657728351147778 0.00263500528021569 0.0405337479539661 0.00950674152481375 0.00244736012706793 0.00925288609021637 0.012421932100899 0.00356736087232446 0.0181567371854937 0.000391856198143398 0.00271271544251394
"N" 0.0101578903061796 0.00428744031076755 0.634163354742107 0.0639415094380384 0.000758940035564287 0.0101039393782542 0.0162703727265703 0.0132181634255309 0.0397520648754917 0.00624432397857491 0.00241861559680043 0.0254993916636296 0.00148364593613723 0.00259102076479454 0.00555270595213798 0.0359806011667173 0.018843713068528 0.00241288233555019 0.00829293028465508 0.00304086616899488
"D" 0.0138717269407851 0.00100158951433894 0.0757621739384465 0.702543289999632 0.000297206172613257 0.0165612456117767 0.0983484471185484 0.0138857126793604 0.0109003197918235 0.00304236157826924 0.000554317960991736 0.00828479951069768 0.000777410329049007 0.000305337302348788 0.00357091433473325 0.0127898560060592 0.00813192448690676 0.000224407108970807 0.0007604174948783 0.00300409149098944
"C" 0.00270164731840259 0.00248372100769259 0.000597574661362149 0.000184972364216695 0.932347176541386 0.000223813229499383 0.000194176909100973 0.000324072437382035 0.0024035905777629 0.00255943681724039 0.000154408559342856 0.000220136244380991 0.000248387977783282 0.000280234961199908 0.00264314021709755 0.0106098392593423 0.00286936122277253 0.000124585058419317 0.00712211348049905 0.00468705898850441
"Q" 0.00719374405315388 0.0193192818489533 0.0100312663483185 0.0138291349664568 0.000234346737931455 0.727282771804707 0.0515837558273691 0.00290073401290347 0.0463722644321943 0.00282083063698209 0.00663852391968271 0.0133038175972792 0.00864483911717767 0.000398274914895344 0.013013510868219 0.00531006214997401 0.00501396623314525 0.000370914537584337 0.000488173030477815 0.00279719123265189
"E" 0.0207457048874372 0.00159558216515066 0.0193314302033476 0.105231955247863 0.000309869832295138 0.0676932743189907 0.713091333205526 0.0100449888810741 0.00737176312404766 0.00659314462841643 0.00273093448308072 0.00956733834045927 0.00308719364095033 0.000345142393971216 0.00769982129334909 0.0100734681857397 0.00618895128963918 0.000134707566962204 0.00232502728349829 0.00515439281193576
"G" 0.045323244869633 0.00340389289091841 0.0271626653612667 0.0256098136017602 0.00323659835072982 0.00825970315241691 0.0178020257411631 0.846874988056338 0.00371665690013318 0.00175696114675315 0.00291627105507947 0.00580662694729252 0.00332470216215522 0.00267784498634594 0.00920138290397108 0.0445813115851459 0.0108892097388271 0.000416170247079904 0.000614286261355744 0.012125557877379
"H" 0.00278209300383649 0.0175399620764426 0.0346069593619133 0.00811609985929686 0.00239543563386798 0.0407606078195368 0.00435847307195831 0.000615932367618006 0.799459464231494 0.00065263535064456 0.00255093642747084 0.00365373551549535 0.000671942253619151 0.00471241488040977 0.0070550252675494 0.00350655337769075 0.00294775328437799 0.00257254088254202 0.00909702326818725 0.00240242731260158
"I" 0.00554529487329731 0.00457201841837656 0.006204235967773 0.00273198139947185 0.00465821808351816 0.00276301404699326 0.00444829865943831 0.000650279654069202 0.000796826576443966 0.719251957166244 0.0198927578727304 0.00471446637072035 0.0253546908920588 0.0149053029862495 0.000746218368983104 0.0031519755998692 0.0144903968758315 0.000259932486083817 0.0029794555314602 0.0646923117586952
"L" 0.00761601652703984 0.00318425058180845 0.00694956772627052 0.000940753846846427 0.000393309022697494 0.0135798634933035 0.00311854858584139 0.00282100203836794 0.0097074028235902 0.0490936160718089 0.873422325811398 0.0055337170569779 0.0952687971623014 0.0302438597501193 0.00728285592778523 0.00342177024979491 0.00801325461196459 0.00962063064448562 0.005981343668822 0.0351004293101689
"K" 0.00639693336630457 0.0795335988123459 0.0499509209929155 0.0159548867990454 0.000503283246296958 0.0270478598681866 0.016763222645341 0.00565918654212066 0.00786208396067512 0.00964259686595472 0.00327286507769693 0.824110416531418 0.0414727579193892 0.000601001918654213 0.00806042417041494 0.019025935924605 0.0242514173787097 0.00112993787345495 0.00271841611264412 0.00356745980889857
"M" 0.00234642939240792 0.00255841460442107 0.000571199104570333 0.000214645978384198 0.000113751039761534 0.00418795667402965 0.000374908914489079 0.000211915372103504 0.000337943791128007 0.0106602429612074 0.0169993751571434 0.008348667948031 0.722685280680324 0.00249613093746991 0.000328447254111813 0.00225437312350671 0.00433767051966249 0.000149988306682682 0.000214968790764127 0.00869903341384935
"F" 0.00254756876315532 0.00240841199535893 0.00266091037089991 0.000278921546779402 0.000381599694626049 0.000378364463653549 0.000292990042613167 0.00244483878523397 0.00486791449941463 0.0171583144331464 0.0140595389825757 0.000320500817014123 0.00946320335494851 0.866323056407496 0.000291295578460035 0.0044500859835494 0.00273228036613694 0.00733316844803377 0.0633682989479207 0.00127867107012725
"P" 0.0276406189438197 0.0116538130569681 0.00605335804466465 0.00360179744969042 0.00284960863186511 0.0175815277383528 0.00778869723130952 0.0058673046239875 0.0117028259753173 0.00307776214149371 0.00492400398989611 0.00534825527977923 0.00316063413298183 0.00258049253684249 0.821918882260506 0.0252558100440712 0.0107296894570961 0.000367279085327101 0.000417178745583967 0.00535577824694992
"S" 0.0548645540007031 0.0228230729196307 0.0619989646011192 0.0182462711808233 0.0233307516348354 0.0104613411640639 0.0148399363934388 0.0342856971302696 0.00706939742596266 0.00625863140228558 0.00316166016443301 0.0167376067920195 0.00938525128931558 0.00673470351726842 0.0359371105483178 0.666622566295786 0.0717566189686469 0.0106699991265269 0.0051398771079733 0.00690635510434419
"T" 0.0444152947337977 0.00615329261072405 0.0274098968924876 0.0105084123167696 0.00345002387796561 0.00761429658940772 0.00667945230805293 0.00718233841432207 0.00366294452445705 0.023059897641058 0.00535519284046176 0.0177497512352731 0.0136206983492612 0.00299155096353777 0.0131737918807473 0.0613530263006325 0.716022011184118 0.000605787562057672 0.00480879716540705 0.0199865855449241
"W" 8.80506332844499e-05 0.00457361213010473 0.000108235229193175 2.50481190715954e-05 4.68722978032734e-05 7.39024494940355e-05 2.44737723639248e-05 4.94623799382444e-05 8.72865612032297e-05 5.18661148109455e-05 3.19140254454113e-05 0.00013673807367062 5.06465531162548e-05 0.00243092682579327 7.35931969250541e-05 0.00212668748185753 0.000121732774734825 0.939518196548212 0.00245358058918675 1.99996025698517e-05
"Y" 0.00240387593582625 0.000247896289657565 0.00632539107420441 0.000543812152206726 0.00713841738531722 0.000424296886669981 0.00224521284571752 0.000260847299307244 0.00909553289840064 0.00285536000945376 0.00275516440206409 0.000213984853959151 0.000520605738043013 0.0477847047484651 0.000230829598662709 0.00256290241200764 0.00251080122248192 0.00497862411185239 0.872889233045063 0.00244409368050135
"V" 0.026972838449071 0.00503918717273907 0.00377601966140537 0.00323413805027356 0.00727200486149765 0.0053602772589656 0.00540445551936704 0.00746628772188794 0.00687368510069576 0.113141601480728 0.0258517832392453 0.00331209183987965 0.0372886008602693 0.00405737697148914 0.00762729906759948 0.00659347880345717 0.0223908077228831 0.000277227427028778 0.00491930053955768 0.77888513941417
