"A" "R" "N" "D" "C" "Q" "E" "G" "H" "I" "L" "K" "M" "F" "P" "S" "T" "W" "Y" "V"
"A" 0.13 0.06 0.09 0.09 0.05 0.08 0.09 0.12 0.06 0.08 0.06 0.07 0.07 0.04 0.11 0.11 0.11 0.02 0.04 0.09
"R" 0.03 0.17 0.04 0.03 0.02 0.05 0.03 0.02 0.06 0.03 0.02 0.09 0.04 0.02 0.04 0.04 0.03 0.07 0.01 0.02
"N" 0.04 0.04 0.06 0.06 0.02 0.05 0.06 0.04 0.06 0.03 0.02 0.05 0.03 0.02 0.04 0.05 0.04 0.02 0.03 0.03
"D" 0.05 0.03 0.08 0.11 0.01 0.07 0.1 0.06 0.05 0.03 0.02 0.05 0.03 0.01 0.04 0.05 0.05 0.01 0.02 0.03
"C" 0.02 0.02 0.01 0.01 0.52 0.01 0.01 0.01 0.02 0.02 0.01 0.01 0.01 0.01 0.02 0.03 0.02 0.01 0.03 0.02
"Q" 0.03 0.05 0.05 0.05 0.01 0.1 0.07 0.03 0.07 0.02 0.03 0.04 0.03 0.01 0.04 0.03 0.03 0.01 0.01 0.02
"E" 0.05 0.04 0.07 0.11 0.02 0.09 0.12 0.05 0.06 0.03 0.03 0.05 0.03 0.02 0.05 0.05 0.05 0.01 0.02 0.03
"G" 0.12 0.05 0.1 0.1 0.04 0.07 0.09 0.27 0.06 0.05 0.04 0.06 0.05 0.03 0.08 0.11 0.09 0.02 0.03 0.07
"H" 0.02 0.05 0.05 0.04 0.02 0.07 0.04 0.02 0.15 0.02 0.02 0.03 0.02 0.02 0.03 0.03 0.02 0.02 0.03 0.02
"I" 0.03 0.02 0.02 0.02 0.02 0.02 0.02 0.02 0.02 0.1 0.06 0.02 0.06 0.04 0.02 0.03 0.04 0.01 0.03 0.08
"L" 0.05 0.04 0.05 0.03 0.02 0.06 0.04 0.04 0.05 0.15 0.34 0.05 0.2 0.12 0.05 0.04 0.06 0.06 0.07 0.13
"K" 0.06 0.17 0.1 0.08 0.02 0.09 0.08 0.05 0.08 0.05 0.04 0.23 0.09 0.03 0.06 0.08 0.08 0.04 0.03 0.05
"M" 0.01 0.01 0.01 0.01 0 0.01 0.01 0.01 0.01 0.02 0.04 0.02 0.07 0.01 0.01 0.01 0.01 0.01 0.01 0.02
"F" 0.02 0.02 0.02 0.01 0.02 0.01 0.01 0.02 0.03 0.05 0.06 0.01 0.04 0.31 0.01 0.02 0.02 0.04 0.2 0.03
"P" 0.07 0.05 0.05 0.04 0.03 0.06 0.05 0.05 0.05 0.03 0.03 0.04 0.03 0.02 0.19 0.06 0.05 0.01 0.02 0.04
"S" 0.09 0.07 0.08 0.08 0.07 0.06 0.07 0.09 0.06 0.05 0.04 0.07 0.05 0.03 0.09 0.1 0.09 0.04 0.03 0.06
"T" 0.08 0.05 0.06 0.06 0.04 0.05 0.05 0.06 0.04 0.06 0.04 0.06 0.05 0.03 0.06 0.08 0.1 0.02 0.03 0.06
"W" 0 0.02 0 0 0 0 0 0 0 0 0 0 0 0.01 0 0.01 0 0.55 0.01 0
"Y" 0.02 0.01 0.02 0.01 0.03 0.01 0.01 0.01 0.03 0.02 0.03 0.01 0.02 0.15 0.01 0.02 0.02 0.03 0.32 0.02
"V" 0.07 0.04 0.04 0.04 0.04 0.04 0.04 0.05 0.04 0.15 0.1 0.04 0.1 0.05 0.05 0.05 0.07 0.02 0.04 0.17
