$sMatrix
     [,1] [,2] [,3] [,4] [,5] [,6]
[1,]    0   -7  -10  -13  -16  -19
[2,]   -7    8    1   -2   -5   -8
[3,]  -10    1    3    9    6   -1
[4,]  -13   -2   -4    2    4   14

$dMatrix
     [,1] [,2] [,3] [,4] [,5] [,6]
[1,]   -4 -Inf -Inf -Inf -Inf -Inf
[2,]   -7  -14  -17  -20  -23  -26
[3,]  -10    1   -6   -9  -12  -15
[4,]  -13   -2   -4    2   -1   -8

$iMatrix
     [,1] [,2] [,3] [,4] [,5] [,6]
[1,]   -4   -7  -10  -13  -16  -19
[2,] -Inf  -14    1   -2   -5   -8
[3,] -Inf  -17   -6   -4    2   -1
[4,] -Inf  -20   -9  -11   -5   -3

[1] "G--AT"
[1] "GCAAT"
