$sMatrix
      [,1] [,2] [,3] [,4] [,5] [,6] [,7] [,8] [,9] [,10]
 [1,]    0   -3   -6   -9  -12  -15  -18  -21  -24   -27
 [2,]   -3   -5   -8    2   -1   -4   -7  -10  -13   -16
 [3,]   -6   -8    3    0   -3   -6    4    1   -2    -5
 [4,]   -9  -11    0   11    8    5    2   -1   -4    -7
 [5,]  -12  -14   -3    8   19   16   13   10    7     4
 [6,]  -15  -17   -6    5   16   14   11    8    5     2
 [7,]  -18  -20   -9    2   13   11   22   19   16    13
 [8,]  -21  -10  -12   -1   10   21   19   17   27    24
 [9,]  -24  -13   -2   -4    7   18   29   26   24    22
[10,]  -27  -16   -5   -7    4   15   26   37   34    31
[11,]  -30  -19   -8  -10    1   12   23   34   32    29

[1] "ATACATGTC-T"
[1] "GTAC--GTCGG"
