$sMatrix
      [,1] [,2] [,3] [,4] [,5] [,6] [,7] [,8] [,9] [,10]
 [1,]    0    0    0    0    0    0    0    0    0     0
 [2,]    0    0    0    8    5    2    0    0    0     0
 [3,]    0    0    8    5    3    0   10    7    4     1
 [4,]    0    0    5   16   13   10    7    5    2     0
 [5,]    0    0    2   13   24   21   18   15   12     9
 [6,]    0    0    0   10   21   19   16   13   10     7
 [7,]    0    0    8    7   18   16   27   24   21    18
 [8,]    0    8    5    4   15   26   24   22   32    29
 [9,]    0    5   16   13   12   23   34   31   29    27
[10,]    0    2   13   11   21   20   31   42   39    36
[11,]    0    0   10    8   18   17   28   39   37    34

[1] "TACATGTC"
[1] "TAC--GTC"
